import React, {Component} from 'react';

class Algo3DGraph extends Component {

    componentDidMount() {

        const Plotly = window.Plotly
        const data = [
            [
                8,  9.519830056250528, 14.149830056250547,
                19.980169943749495, 24.650169943749486,              26.25,
                24.050169943749452, 18.780169943749435, 12.349830056250479,
                7.119830056250493,  4.999999999999998,  6.719830056250553,
                11.549830056250569, 17.580169943749517,   22.4501699437495,
                24.25, 22.250169943749448, 17.180169943749434,
                10.949830056250487,  5.919830056250502,                  4,
                5.919830056250548, 10.949830056250564, 17.180169943749515,
                22.250169943749498,              24.25,  22.45016994374945,
                17.580169943749443, 11.549830056250496,  6.719830056250508,
                5.000000000000002,  7.119830056250553, 12.349830056250575,
                18.780169943749524, 24.050169943749516, 26.250000000000004,
                24.65016994374944,   19.9801699437494, 14.149830056250451,
                9.519830056250484
            ],
            [
                9.519830056250528, 11.039660112501057,
                15.669660112501074,  21.50000000000002,
                26.170000000000016, 27.769830056250527,
                25.56999999999998, 20.299999999999965,
                13.869660112501007,   8.63966011250102,
                6.519830056250527,  8.239660112501081,
                13.069660112501097, 19.100000000000044,
                23.970000000000027, 25.769830056250527,
                23.76999999999998, 18.699999999999964,
                12.469660112501016,  7.439660112501031,
                5.5198300562505285,  7.439660112501077,
                12.469660112501092, 18.700000000000042,
                23.770000000000028, 25.769830056250527,
                23.96999999999998, 19.099999999999973,
                13.069660112501023,  8.239660112501035,
                6.51983005625053,   8.63966011250108,
                13.869660112501105, 20.300000000000054,
                25.570000000000046, 27.769830056250534,
                26.169999999999966,  21.49999999999993,
                15.66966011250098,  11.03966011250101
            ],
            [
                14.149830056250547, 15.669660112501074,
                20.299660112501094,  26.13000000000004,
                30.800000000000033,  32.39983005625054,
                30.199999999999996, 24.929999999999982,
                18.499660112501026, 13.269660112501038,
                11.149830056250543, 12.869660112501098,
                17.699660112501114, 23.730000000000064,
                28.600000000000048, 30.399830056250547,
                28.399999999999995,  23.32999999999998,
                17.099660112501034, 12.069660112501047,
                10.149830056250547, 12.069660112501094,
                17.09966011250111,  23.33000000000006,
                28.400000000000045, 30.399830056250547,
                28.599999999999998,  23.72999999999999,
                17.699660112501043, 12.869660112501053,
                11.149830056250547, 13.269660112501098,
                18.49966011250112,  24.93000000000007,
                30.200000000000063,  32.39983005625055,
                30.799999999999983, 26.129999999999946,
                20.299660112500998,  15.66966011250103
            ],
            [
                19.980169943749495,  21.50000000000002,
                26.13000000000004,  31.96033988749899,
                36.63033988749898, 38.230169943749495,
                36.03033988749895,  30.76033988749893,
                24.329999999999973, 19.099999999999987,
                16.980169943749495, 18.700000000000045,
                23.530000000000065, 29.560339887499012,
                34.430339887498995, 36.230169943749495,
                34.23033988749894, 29.160339887498928,
                22.929999999999982,               17.9,
                15.980169943749495,  17.90000000000004,
                22.930000000000057, 29.160339887499006,
                34.23033988749899, 36.230169943749495,
                34.430339887498945, 29.560339887498937,
                23.52999999999999, 18.700000000000003,
                16.980169943749495, 19.100000000000048,
                24.33000000000007,  30.76033988749902,
                36.03033988749901,   38.2301699437495,
                36.630339887498934, 31.960339887498893,
                26.129999999999946,  21.49999999999998
            ],
            [
                24.650169943749486, 26.170000000000016,
                30.800000000000033,  36.63033988749898,
                41.30033988749897,  42.90016994374948,
                40.700339887498934,  35.43033988749892,
                28.999999999999964,  23.76999999999998,
                21.650169943749482,  23.37000000000004,
                28.200000000000053,    34.230339887499,
                39.10033988749899,  40.90016994374949,
                38.90033988749894,  33.83033988749892,
                27.599999999999973, 22.569999999999986,
                20.650169943749486, 22.570000000000036,
                27.60000000000005,    33.830339887499,
                38.90033988749899,  40.90016994374949,
                39.10033988749894,  34.23033988749893,
                28.19999999999998, 23.369999999999994,
                21.65016994374949,  23.77000000000004,
                29.000000000000064,  35.43033988749901,
                40.700339887499005,  42.90016994374949,
                41.30033988749892, 36.630339887498884,
                30.799999999999937,  26.16999999999997
            ],
            [
                26.25, 27.769830056250527,  32.39983005625054,
                38.230169943749495,  42.90016994374948,               44.5,
                42.30016994374945, 37.030169943749435, 30.599830056250475,
                25.36983005625049, 23.249999999999996,  24.96983005625055,
                29.799830056250567,  35.83016994374952,   40.7001699437495,
                42.5,  40.50016994374945,  35.43016994374943,
                29.199830056250484,   24.1698300562505,              22.25,
                24.169830056250547, 29.199830056250562,  35.43016994374951,
                40.5001699437495,               42.5,  40.70016994374945,
                35.83016994374944, 29.799830056250492, 24.969830056250505,
                23.25,  25.36983005625055, 30.599830056250575,
                37.03016994374952, 42.300169943749516,               44.5,
                42.90016994374943, 38.230169943749395,  32.39983005625045,
                27.76983005625048
            ],
            [
                24.050169943749452,  25.56999999999998, 30.199999999999996,
                36.03033988749895, 40.700339887498934,  42.30016994374945,
                40.100339887498905,  34.83033988749889, 28.399999999999928,
                23.16999999999994,  21.05016994374945, 22.770000000000003,
                27.60000000000002,  33.63033988749897,  38.50033988749895,
                40.30016994374945,   38.3003398874989, 33.230339887498886,
                26.999999999999936, 21.969999999999953, 20.050169943749452,
                21.97, 27.000000000000014, 33.230339887498964,
                38.30033988749895,  40.30016994374945,   38.5003398874989,
                33.63033988749889, 27.599999999999945, 22.769999999999957,
                21.050169943749452,              23.17, 28.400000000000027,
                34.83033988749897,  40.10033988749897,  42.30016994374945,
                40.700339887498885,  36.03033988749885, 30.199999999999903,
                25.569999999999933
            ],
            [
                18.780169943749435, 20.299999999999965,
                24.929999999999982,  30.76033988749893,
                35.43033988749892, 37.030169943749435,
                34.83033988749889,  29.56033988749887,
                23.129999999999914, 17.899999999999928,
                15.780169943749435,  17.49999999999999,
                22.330000000000005, 28.360339887498952,
                33.230339887498936, 35.030169943749435,
                33.03033988749888,  27.96033988749887,
                21.729999999999922,  16.69999999999994,
                14.780169943749435, 16.699999999999985,
                21.73,  27.96033988749895,
                33.03033988749894, 35.030169943749435,
                33.230339887498886,  28.36033988749888,
                22.32999999999993, 17.499999999999943,
                15.780169943749438, 17.899999999999988,
                23.13000000000001,  29.56033988749896,
                34.83033988749895,  37.03016994374944,
                35.430339887498874, 30.760339887498834,
                24.929999999999886,  20.29999999999992
            ],
            [
                12.349830056250479, 13.869660112501007,
                18.499660112501026, 24.329999999999973,
                28.999999999999964, 30.599830056250475,
                28.399999999999928, 23.129999999999914,
                16.699660112500958, 11.469660112500971,
                9.349830056250477, 11.069660112501031,
                15.899660112501047, 21.929999999999996,
                26.79999999999998,  28.59983005625048,
                26.59999999999993, 21.529999999999912,
                15.299660112500966, 10.269660112500981,
                8.349830056250479, 10.269660112501027,
                15.299660112501043, 21.529999999999994,
                26.59999999999998,  28.59983005625048,
                26.799999999999933,  21.92999999999992,
                15.899660112500975, 11.069660112500987,
                9.34983005625048, 11.469660112501032,
                16.699660112501054, 23.130000000000003,
                28.4, 30.599830056250482,
                28.999999999999915, 24.329999999999878,
                18.49966011250093, 13.869660112500963
            ],
            [
                7.119830056250493,   8.63966011250102,
                13.269660112501038, 19.099999999999987,
                23.76999999999998,  25.36983005625049,
                23.16999999999994, 17.899999999999928,
                11.469660112500971,  6.239660112500983,
                4.119830056250489,  5.839660112501043,
                10.66966011250106,  16.70000000000001,
                21.569999999999993, 23.369830056250493,
                21.36999999999994, 16.299999999999926,
                10.069660112500978,  5.039660112500993,
                3.1198300562504926,  5.039660112501039,
                10.069660112501055, 16.300000000000004,
                21.36999999999999, 23.369830056250493,
                21.569999999999943, 16.699999999999935,
                10.669660112500987,  5.839660112500999,
                4.119830056250493,  6.239660112501044,
                11.469660112501067, 17.900000000000016,
                23.17000000000001, 25.369830056250496,
                23.76999999999993,  19.09999999999989,
                13.269660112500942,  8.639660112500975
            ],
            [
                4.999999999999998,  6.519830056250527, 11.149830056250543,
                16.980169943749495, 21.650169943749482, 23.249999999999996,
                21.05016994374945, 15.780169943749435,  9.349830056250477,
                4.119830056250489, 1.9999999999999964,  3.719830056250551,
                8.549830056250567, 14.580169943749516,   19.4501699437495,
                21.25, 19.250169943749448, 14.180169943749434,
                7.9498300562504856, 2.9198300562505004,                  1,
                2.9198300562505466,  7.949830056250562, 14.180169943749512,
                19.250169943749498,              21.25,  19.45016994374945,
                14.580169943749443,  8.549830056250492, 3.7198300562505047,
                2,  4.119830056250549,  9.349830056250575,
                15.780169943749522, 21.050169943749516,              23.25,
                21.650169943749436, 16.980169943749395,  11.14983005625045,
                6.5198300562504805
            ],
            [
                6.719830056250553,  8.239660112501081,
                12.869660112501098, 18.700000000000045,
                23.37000000000004,  24.96983005625055,
                22.770000000000003,  17.49999999999999,
                11.069660112501031,  5.839660112501043,
                3.719830056250551,  5.439660112501105,
                10.269660112501121, 16.300000000000068,
                21.17000000000005,  22.96983005625055,
                20.970000000000002, 15.899999999999988,
                9.66966011250104,  4.639660112501055,
                2.719830056250551,  4.639660112501101,
                9.669660112501116, 15.900000000000066,
                20.970000000000052,  22.96983005625055,
                21.170000000000005, 16.299999999999997,
                10.269660112501047,  5.439660112501059,
                3.7198300562505544,  5.839660112501104,
                11.06966011250113, 17.500000000000078,
                22.77000000000007, 24.969830056250558,
                23.36999999999999, 18.699999999999953,
                12.869660112501004,  8.239660112501035
            ],
            [
                11.549830056250569, 13.069660112501097,
                17.699660112501114, 23.530000000000065,
                28.200000000000053, 29.799830056250567,
                27.60000000000002, 22.330000000000005,
                15.899660112501047,  10.66966011250106,
                8.549830056250567, 10.269660112501121,
                15.099660112501137, 21.130000000000088,
                26.00000000000007,  27.79983005625057,
                25.80000000000002, 20.730000000000004,
                14.499660112501056,   9.46966011250107,
                7.549830056250569,  9.469660112501117,
                14.499660112501132, 20.730000000000082,
                25.800000000000068,  27.79983005625057,
                26.00000000000002, 21.130000000000013,
                15.099660112501063, 10.269660112501075,
                8.54983005625057,  10.66966011250112,
                15.899660112501145,  22.33000000000009,
                27.600000000000087,  29.79983005625057,
                28.200000000000006, 23.529999999999966,
                17.699660112501018, 13.069660112501051
            ],
            [
                17.580169943749517, 19.100000000000044,
                23.730000000000064, 29.560339887499012,
                34.230339887499,  35.83016994374952,
                33.63033988749897, 28.360339887498952,
                21.929999999999996,  16.70000000000001,
                14.580169943749516, 16.300000000000068,
                21.130000000000088, 27.160339887499035,
                32.03033988749902,  33.83016994374952,
                31.830339887498965,  26.76033988749895,
                20.530000000000005,  15.50000000000002,
                13.580169943749517, 15.500000000000066,
                20.53000000000008,  26.76033988749903,
                31.830339887499015,  33.83016994374952,
                32.03033988749897,  27.16033988749896,
                21.130000000000013, 16.300000000000026,
                14.58016994374952,  16.70000000000007,
                21.930000000000092,  28.36033988749904,
                33.630339887499034, 35.830169943749524,
                34.23033988749896, 29.560339887498916,
                23.72999999999997,               19.1
            ],
            [
                22.4501699437495, 23.970000000000027,
                28.600000000000048, 34.430339887498995,
                39.10033988749899,   40.7001699437495,
                38.50033988749895, 33.230339887498936,
                26.79999999999998, 21.569999999999993,
                19.4501699437495,  21.17000000000005,
                26.00000000000007,  32.03033988749902,
                36.900339887499,   38.7001699437495,
                36.70033988749895, 31.630339887498934,
                25.399999999999988, 20.370000000000005,
                18.4501699437495, 20.370000000000047,
                25.400000000000063, 31.630339887499012,
                36.700339887499,   38.7001699437495,
                36.90033988749895,  32.03033988749894,
                25.999999999999996,  21.17000000000001,
                19.4501699437495, 21.570000000000054,
                26.800000000000075,  33.23033988749903,
                38.50033988749902,   40.7001699437495,
                39.10033988749894,   34.4303398874989,
                28.59999999999995, 23.969999999999985
            ],
            [
                24.25, 25.769830056250527, 30.399830056250547,
                36.230169943749495,  40.90016994374949,               42.5,
                40.30016994374945, 35.030169943749435,  28.59983005625048,
                23.369830056250493,              21.25,  22.96983005625055,
                27.79983005625057,  33.83016994374952,   38.7001699437495,
                40.5,  38.50016994374945,  33.43016994374943,
                27.199830056250487, 22.169830056250504,              20.25,
                22.169830056250547, 27.199830056250562,  33.43016994374951,
                38.5001699437495,               40.5,  38.70016994374945,
                33.83016994374944, 27.799830056250496, 22.969830056250508,
                21.25, 23.369830056250553, 28.599830056250575,
                35.03016994374953, 40.300169943749516,               42.5,
                40.90016994374944,   36.2301699437494,  30.39983005625045,
                25.769830056250484
            ],
            [
                22.250169943749448,  23.76999999999998,
                28.399999999999995,  34.23033988749894,
                38.90033988749894,  40.50016994374945,
                38.3003398874989,  33.03033988749888,
                26.59999999999993,  21.36999999999994,
                19.250169943749448, 20.970000000000002,
                25.80000000000002, 31.830339887498965,
                36.70033988749895,  38.50016994374945,
                36.500339887498896, 31.430339887498885,
                25.19999999999994, 20.169999999999952,
                18.250169943749448, 20.169999999999998,
                25.200000000000014, 31.430339887498963,
                36.50033988749895,  38.50016994374945,
                36.7003398874989, 31.830339887498894,
                25.799999999999944, 20.969999999999956,
                19.25016994374945,              21.37,
                26.600000000000026, 33.030339887498975,
                38.300339887498964, 40.500169943749455,
                38.90033988749889,  34.23033988749885,
                28.3999999999999, 23.769999999999932
            ],
            [
                17.180169943749434, 18.699999999999964,
                23.32999999999998, 29.160339887498928,
                33.83033988749892,  35.43016994374943,
                33.230339887498886,  27.96033988749887,
                21.529999999999912, 16.299999999999926,
                14.180169943749434, 15.899999999999988,
                20.730000000000004,  26.76033988749895,
                31.630339887498934,  33.43016994374943,
                31.430339887498885,  26.36033988749887,
                20.12999999999992, 15.099999999999937,
                13.180169943749435, 15.099999999999984,
                20.13,  26.36033988749895,
                31.430339887498935,  33.43016994374943,
                31.630339887498888,  26.76033988749888,
                20.72999999999993, 15.899999999999942,
                14.180169943749437, 16.299999999999986,
                21.530000000000012,  27.96033988749896,
                33.23033988749896,  35.43016994374944,
                33.83033988749887, 29.160339887498836,
                23.329999999999885, 18.699999999999918
            ],
            [
                10.949830056250487, 12.469660112501016,
                17.099660112501034, 22.929999999999982,
                27.599999999999973, 29.199830056250484,
                26.999999999999936, 21.729999999999922,
                15.299660112500966, 10.069660112500978,
                7.9498300562504856,   9.66966011250104,
                14.499660112501056, 20.530000000000005,
                25.399999999999988, 27.199830056250487,
                25.19999999999994,  20.12999999999992,
                13.899660112500975,   8.86966011250099,
                6.949830056250487,  8.869660112501036,
                13.899660112501051, 20.130000000000003,
                25.19999999999999, 27.199830056250487,
                25.39999999999994,  20.52999999999993,
                14.499660112500981,  9.669660112500994,
                7.949830056250489, 10.069660112501039,
                15.299660112501062,  21.73000000000001,
                27.000000000000007,  29.19983005625049,
                27.599999999999923, 22.929999999999886,
                17.09966011250094,  12.46966011250097
            ],
            [
                5.919830056250502,  7.439660112501031, 12.069660112501047,
                17.9, 22.569999999999986,   24.1698300562505,
                21.969999999999953,  16.69999999999994, 10.269660112500981,
                5.039660112500993, 2.9198300562505004,  4.639660112501055,
                9.46966011250107,  15.50000000000002, 20.370000000000005,
                22.169830056250504, 20.169999999999952, 15.099999999999937,
                8.86966011250099, 3.8396601125010044,  1.919830056250504,
                3.8396601125010505,  8.869660112501066, 15.100000000000016,
                20.17, 22.169830056250504, 20.369999999999955,
                15.499999999999947,  9.469660112500996,  4.639660112501009,
                2.919830056250504,  5.039660112501053, 10.269660112501079,
                16.700000000000024,  21.97000000000002, 24.169830056250504,
                22.56999999999994,   17.8999999999999, 12.069660112500953,
                7.4396601125009845
            ],
            [
                4, 5.5198300562505285, 10.149830056250547,
                15.980169943749495, 20.650169943749486,              22.25,
                20.050169943749452, 14.780169943749435,  8.349830056250479,
                3.1198300562504926,                  1,  2.719830056250551,
                7.549830056250569, 13.580169943749517,   18.4501699437495,
                20.25, 18.250169943749448, 13.180169943749435,
                6.949830056250487,  1.919830056250504,                  0,
                1.9198300562505466,  6.949830056250564, 13.180169943749513,
                18.250169943749498,              20.25,  18.45016994374945,
                13.580169943749443,  7.549830056250496,  2.719830056250508,
                1,  3.119830056250553,  8.349830056250577,
                14.780169943749524, 20.050169943749516, 22.250000000000004,
                20.65016994374944, 15.980169943749399, 10.149830056250451,
                5.519830056250484
            ],
            [
                5.919830056250548,  7.439660112501077, 12.069660112501094,
                17.90000000000004, 22.570000000000036, 24.169830056250547,
                21.97, 16.699999999999985, 10.269660112501027,
                5.039660112501039, 2.9198300562505466,  4.639660112501101,
                9.469660112501117, 15.500000000000066, 20.370000000000047,
                22.169830056250547, 20.169999999999998, 15.099999999999984,
                8.869660112501036, 3.8396601125010505, 1.9198300562505466,
                3.8396601125010967,  8.869660112501112, 15.100000000000062,
                20.170000000000048, 22.169830056250547,              20.37,
                15.499999999999993,  9.469660112501042,  4.639660112501055,
                2.91983005625055,    5.0396601125011, 10.269660112501125,
                16.700000000000074, 21.970000000000066, 24.169830056250554,
                22.569999999999986,  17.89999999999995,    12.069660112501,
                7.439660112501031
            ],
            [
                10.949830056250564, 12.469660112501092,  17.09966011250111,
                22.930000000000057,  27.60000000000005, 29.199830056250562,
                27.000000000000014,              21.73, 15.299660112501043,
                10.069660112501055,  7.949830056250562,  9.669660112501116,
                14.499660112501132,  20.53000000000008, 25.400000000000063,
                27.199830056250562, 25.200000000000014,              20.13,
                13.899660112501051,  8.869660112501066,  6.949830056250564,
                8.869660112501112, 13.899660112501127, 20.130000000000077,
                25.200000000000063, 27.199830056250562, 25.400000000000016,
                20.53000000000001, 14.499660112501058,   9.66966011250107,
                7.9498300562505655, 10.069660112501115,  15.29966011250114,
                21.73000000000009,  27.00000000000008,  29.19983005625057,
                27.6, 22.929999999999964, 17.099660112501013,
                12.469660112501046
            ],
            [
                17.180169943749515, 18.700000000000042,
                23.33000000000006, 29.160339887499006,
                33.830339887499,  35.43016994374951,
                33.230339887498964,  27.96033988749895,
                21.529999999999994, 16.300000000000004,
                14.180169943749512, 15.900000000000066,
                20.730000000000082,  26.76033988749903,
                31.630339887499012,  33.43016994374951,
                31.430339887498963,  26.36033988749895,
                20.130000000000003, 15.100000000000016,
                13.180169943749513, 15.100000000000062,
                20.130000000000077, 26.360339887499027,
                31.430339887499013,  33.43016994374951,
                31.630339887498966, 26.760339887498958,
                20.730000000000008, 15.900000000000022,
                14.180169943749515, 16.300000000000065,
                21.53000000000009,  27.96033988749904,
                33.23033988749903,  35.43016994374952,
                33.83033988749895, 29.160339887498914,
                23.329999999999963, 18.699999999999996
            ],
            [
                22.250169943749498, 23.770000000000028,
                28.400000000000045,  34.23033988749899,
                38.90033988749899,   40.5001699437495,
                38.30033988749895,  33.03033988749894,
                26.59999999999998,  21.36999999999999,
                19.250169943749498, 20.970000000000052,
                25.800000000000068, 31.830339887499015,
                36.700339887499,   38.5001699437495,
                36.50033988749895, 31.430339887498935,
                25.19999999999999,              20.17,
                18.250169943749498, 20.170000000000048,
                25.200000000000063, 31.430339887499013,
                36.500339887498995,   38.5001699437495,
                36.700339887498956, 31.830339887498944,
                25.799999999999994, 20.970000000000006,
                19.2501699437495,  21.37000000000005,
                26.600000000000076, 33.030339887499025,
                38.30033988749902, 40.500169943749505,
                38.90033988749894,   34.2303398874989,
                28.39999999999995, 23.769999999999982
            ],
            [
                24.25, 25.769830056250527, 30.399830056250547,
                36.230169943749495,  40.90016994374949,               42.5,
                40.30016994374945, 35.030169943749435,  28.59983005625048,
                23.369830056250493,              21.25,  22.96983005625055,
                27.79983005625057,  33.83016994374952,   38.7001699437495,
                40.5,  38.50016994374945,  33.43016994374943,
                27.199830056250487, 22.169830056250504,              20.25,
                22.169830056250547, 27.199830056250562,  33.43016994374951,
                38.5001699437495,               40.5,  38.70016994374945,
                33.83016994374944, 27.799830056250496, 22.969830056250508,
                21.25, 23.369830056250553, 28.599830056250575,
                35.03016994374953, 40.300169943749516,               42.5,
                40.90016994374944,   36.2301699437494,  30.39983005625045,
                25.769830056250484
            ],
            [
                22.45016994374945,  23.96999999999998, 28.599999999999998,
                34.430339887498945,  39.10033988749894,  40.70016994374945,
                38.5003398874989, 33.230339887498886, 26.799999999999933,
                21.569999999999943,  19.45016994374945, 21.170000000000005,
                26.00000000000002,  32.03033988749897,  36.90033988749895,
                38.70016994374945,   36.7003398874989, 31.630339887498888,
                25.39999999999994, 20.369999999999955,  18.45016994374945,
                20.37, 25.400000000000016, 31.630339887498966,
                36.700339887498956,  38.70016994374945,   36.9003398874989,
                32.0303398874989, 25.999999999999947,  21.16999999999996,
                19.450169943749454, 21.570000000000004,  26.80000000000003,
                33.23033988749898,  38.50033988749897,  40.70016994374946,
                39.10033988749889,  34.43033988749885, 28.599999999999902,
                23.969999999999935
            ],
            [
                17.580169943749443, 19.099999999999973,
                23.72999999999999, 29.560339887498937,
                34.23033988749893,  35.83016994374944,
                33.63033988749889,  28.36033988749888,
                21.92999999999992, 16.699999999999935,
                14.580169943749443, 16.299999999999997,
                21.130000000000013,  27.16033988749896,
                32.03033988749894,  33.83016994374944,
                31.830339887498894,  26.76033988749888,
                20.52999999999993, 15.499999999999947,
                13.580169943749443, 15.499999999999993,
                20.53000000000001, 26.760339887498958,
                31.830339887498944,  33.83016994374944,
                32.0303398874989, 27.160339887498886,
                21.12999999999994,  16.29999999999995,
                14.580169943749446, 16.699999999999996,
                21.93000000000002, 28.360339887498967,
                33.63033988749896, 35.830169943749446,
                34.230339887498886,  29.56033988749884,
                23.729999999999894, 19.099999999999927
            ],
            [
                11.549830056250496, 13.069660112501023,
                17.699660112501043,  23.52999999999999,
                28.19999999999998, 29.799830056250492,
                27.599999999999945,  22.32999999999993,
                15.899660112500975, 10.669660112500987,
                8.549830056250492, 10.269660112501047,
                15.099660112501063, 21.130000000000013,
                25.999999999999996, 27.799830056250496,
                25.799999999999944,  20.72999999999993,
                14.499660112500981,  9.469660112500996,
                7.549830056250496,  9.469660112501042,
                14.499660112501058, 20.730000000000008,
                25.799999999999994, 27.799830056250496,
                25.999999999999947,  21.12999999999994,
                15.09966011250099, 10.269660112501002,
                8.549830056250496, 10.669660112501047,
                15.89966011250107,  22.33000000000002,
                27.600000000000012,   29.7998300562505,
                28.199999999999932, 23.529999999999895,
                17.699660112500947, 13.069660112500978
            ],
            [
                6.719830056250508,  8.239660112501035,
                12.869660112501053, 18.700000000000003,
                23.369999999999994, 24.969830056250505,
                22.769999999999957, 17.499999999999943,
                11.069660112500987,  5.839660112500999,
                3.7198300562505047,  5.439660112501059,
                10.269660112501075, 16.300000000000026,
                21.17000000000001, 22.969830056250508,
                20.969999999999956, 15.899999999999942,
                9.669660112500994,  4.639660112501009,
                2.719830056250508,  4.639660112501055,
                9.66966011250107, 15.900000000000022,
                20.970000000000006, 22.969830056250508,
                21.16999999999996,  16.29999999999995,
                10.269660112501002,  5.439660112501015,
                3.719830056250508,  5.839660112501059,
                11.069660112501083, 17.500000000000032,
                22.770000000000024,  24.96983005625051,
                23.369999999999944, 18.699999999999907,
                12.869660112500958,   8.23966011250099
            ],
            [
                5.000000000000002,   6.51983005625053, 11.149830056250547,
                16.980169943749495,  21.65016994374949,              23.25,
                21.050169943749452, 15.780169943749438,   9.34983005625048,
                4.119830056250493,                  2, 3.7198300562505544,
                8.54983005625057,  14.58016994374952,   19.4501699437495,
                21.25,  19.25016994374945, 14.180169943749437,
                7.949830056250489,  2.919830056250504,                  1,
                2.91983005625055, 7.9498300562505655, 14.180169943749515,
                19.2501699437495,              21.25, 19.450169943749454,
                14.580169943749446,  8.549830056250496,  3.719830056250508,
                2.0000000000000036,  4.119830056250553,  9.349830056250578,
                15.780169943749526,  21.05016994374952, 23.250000000000007,
                21.65016994374944, 16.980169943749402, 11.149830056250453,
                6.519830056250484
            ],
            [
                7.119830056250553,   8.63966011250108, 13.269660112501098,
                19.100000000000048,  23.77000000000004,  25.36983005625055,
                23.17, 17.899999999999988, 11.469660112501032,
                6.239660112501044,  4.119830056250549,  5.839660112501104,
                10.66966011250112,  16.70000000000007, 21.570000000000054,
                23.369830056250553,              21.37, 16.299999999999986,
                10.069660112501039,  5.039660112501053,  3.119830056250553,
                5.0396601125011, 10.069660112501115, 16.300000000000065,
                21.37000000000005, 23.369830056250553, 21.570000000000004,
                16.699999999999996, 10.669660112501047,  5.839660112501059,
                4.119830056250553,  6.239660112501104, 11.469660112501128,
                17.900000000000077,  23.17000000000007, 25.369830056250557,
                23.76999999999999,  19.09999999999995, 13.269660112501002,
                8.639660112501035
            ],
            [
                12.349830056250575, 13.869660112501105,
                18.49966011250112,  24.33000000000007,
                29.000000000000064, 30.599830056250575,
                28.400000000000027,  23.13000000000001,
                16.699660112501054, 11.469660112501067,
                9.349830056250575,  11.06966011250113,
                15.899660112501145, 21.930000000000092,
                26.800000000000075, 28.599830056250575,
                26.600000000000026, 21.530000000000012,
                15.299660112501062, 10.269660112501079,
                8.349830056250577, 10.269660112501125,
                15.29966011250114,  21.53000000000009,
                26.600000000000076, 28.599830056250575,
                26.80000000000003,  21.93000000000002,
                15.89966011250107, 11.069660112501083,
                9.349830056250578, 11.469660112501128,
                16.699660112501153,   23.1300000000001,
                28.400000000000095, 30.599830056250582,
                29.000000000000014, 24.329999999999973,
                18.499660112501026, 13.869660112501059
            ],
            [
                18.780169943749524, 20.300000000000054,
                24.93000000000007,  30.76033988749902,
                35.43033988749901,  37.03016994374952,
                34.83033988749897,  29.56033988749896,
                23.130000000000003, 17.900000000000016,
                15.780169943749522, 17.500000000000078,
                22.33000000000009,  28.36033988749904,
                33.23033988749903,  35.03016994374953,
                33.030339887498975,  27.96033988749896,
                21.73000000000001, 16.700000000000024,
                14.780169943749524, 16.700000000000074,
                21.73000000000009,  27.96033988749904,
                33.030339887499025,  35.03016994374953,
                33.23033988749898, 28.360339887498967,
                22.33000000000002, 17.500000000000032,
                15.780169943749526, 17.900000000000077,
                23.1300000000001, 29.560339887499048,
                34.83033988749904,  37.03016994374953,
                35.43033988749896, 30.760339887498922,
                24.929999999999975, 20.300000000000008
            ],
            [
                24.050169943749516, 25.570000000000046, 30.200000000000063,
                36.03033988749901, 40.700339887499005, 42.300169943749516,
                40.10033988749897,  34.83033988749895,               28.4,
                23.17000000000001, 21.050169943749516,  22.77000000000007,
                27.600000000000087, 33.630339887499034,  38.50033988749902,
                40.300169943749516, 38.300339887498964,  33.23033988749896,
                27.000000000000007,  21.97000000000002, 20.050169943749516,
                21.970000000000066,  27.00000000000008,  33.23033988749903,
                38.30033988749902, 40.300169943749516,  38.50033988749897,
                33.63033988749896, 27.600000000000012, 22.770000000000024,
                21.05016994374952,  23.17000000000007, 28.400000000000095,
                34.83033988749904,  40.10033988749903,  42.30016994374952,
                40.700339887498956,  36.03033988749892, 30.199999999999967,
                25.57
            ],
            [
                26.250000000000004, 27.769830056250534,  32.39983005625055,
                38.2301699437495,  42.90016994374949,               44.5,
                42.30016994374945,  37.03016994374944, 30.599830056250482,
                25.369830056250496,              23.25, 24.969830056250558,
                29.79983005625057, 35.830169943749524,   40.7001699437495,
                42.5, 40.500169943749455,  35.43016994374944,
                29.19983005625049, 24.169830056250504, 22.250000000000004,
                24.169830056250554,  29.19983005625057,  35.43016994374952,
                40.500169943749505,               42.5,  40.70016994374946,
                35.830169943749446,   29.7998300562505,  24.96983005625051,
                23.250000000000007, 25.369830056250557, 30.599830056250582,
                37.03016994374953,  42.30016994374952,  44.50000000000001,
                42.90016994374944,   38.2301699437494,  32.39983005625045,
                27.769830056250488
            ],
            [
                24.65016994374944, 26.169999999999966,
                30.799999999999983, 36.630339887498934,
                41.30033988749892,  42.90016994374943,
                40.700339887498885, 35.430339887498874,
                28.999999999999915,  23.76999999999993,
                21.650169943749436,  23.36999999999999,
                28.200000000000006,  34.23033988749896,
                39.10033988749894,  40.90016994374944,
                38.90033988749889,  33.83033988749887,
                27.599999999999923,  22.56999999999994,
                20.65016994374944, 22.569999999999986,
