/*
* [
                    [
                        8, 7.609999999999999, 7.239999999999999,
                        6.889999999999999, 6.559999999999999, 6.249999999999998,
                        5.959999999999998, 5.689999999999999, 5.439999999999999,
                        5.209999999999998, 4.999999999999998, 4.809999999999999,
                        4.639999999999999, 4.489999999999999, 4.359999999999999,
                        4.249999999999999, 4.159999999999999, 4.09,
                        4.04, 4.01, 4,
                        4.01, 4.04, 4.090000000000001,
                        4.16, 4.250000000000001, 4.360000000000001,
                        4.490000000000001, 4.640000000000001, 4.810000000000001,
                        5.000000000000002, 5.210000000000002, 5.440000000000002,
                        5.690000000000002, 5.960000000000003, 6.2500000000000036,
                        6.560000000000004, 6.890000000000004, 7.2400000000000055,
                        7.610000000000006
                    ],
                    [
                        7.609999999999999, 7.22, 6.85,
                        6.499999999999999, 6.169999999999998, 5.8599999999999985,
                        5.5699999999999985, 5.299999999999998, 5.049999999999998,
                        4.8199999999999985, 4.6099999999999985, 4.419999999999998,
                        4.249999999999998, 4.099999999999999, 3.969999999999999,
                        3.8599999999999994, 3.7699999999999996, 3.6999999999999993,
                        3.6499999999999995, 3.6199999999999997, 3.61,
                        3.62, 3.6500000000000004, 3.7,
                        3.7700000000000005, 3.8600000000000003, 3.9700000000000006,
                        4.1000000000000005, 4.250000000000001, 4.420000000000001,
                        4.610000000000001, 4.820000000000002, 5.050000000000002,
                        5.3000000000000025, 5.570000000000003, 5.860000000000003,
                        6.1700000000000035, 6.500000000000004, 6.850000000000005,
                        7.220000000000006
                    ],
                    [
                        7.239999999999999, 6.85, 6.479999999999999,
                        6.129999999999999, 5.799999999999998, 5.489999999999998,
                        5.1999999999999975, 4.929999999999998, 4.679999999999998,
                        4.4499999999999975, 4.2399999999999975, 4.049999999999998,
                        3.879999999999998, 3.729999999999998, 3.5999999999999983,
                        3.4899999999999984, 3.3999999999999986, 3.3299999999999987,
                        3.279999999999999, 3.249999999999999, 3.2399999999999993,
                        3.2499999999999996, 3.2799999999999994, 3.3299999999999996,
                        3.4, 3.49, 3.6,
                        3.7300000000000004, 3.8800000000000003, 4.050000000000001,
                        4.24, 4.450000000000001, 4.6800000000000015,
                        4.9300000000000015, 5.200000000000002, 5.490000000000003,
                        5.800000000000003, 6.130000000000004, 6.480000000000004,
                        6.850000000000005
                    ],
                    [
                        6.889999999999999, 6.499999999999999, 6.129999999999999,
                        5.7799999999999985, 5.4499999999999975, 5.139999999999998,
                        4.849999999999998, 4.579999999999997, 4.329999999999997,
                        4.099999999999998, 3.889999999999998, 3.699999999999998,
                        3.529999999999998, 3.379999999999998, 3.2499999999999982,
                        3.139999999999999, 3.049999999999999, 2.9799999999999986,
                        2.929999999999999, 2.899999999999999, 2.8899999999999992,
                        2.8999999999999995, 2.9299999999999997, 2.9799999999999995,
                        3.05, 3.1399999999999997, 3.25,
                        3.38, 3.5300000000000002, 3.7,
                        3.8900000000000006, 4.100000000000001, 4.330000000000001,
                        4.580000000000002, 4.850000000000002, 5.140000000000002,
                        5.450000000000003, 5.780000000000004, 6.130000000000004,
                        6.500000000000005
                    ],
                    [
                        6.559999999999999, 6.169999999999998, 5.799999999999998,
                        5.4499999999999975, 5.119999999999997, 4.809999999999997,
                        4.519999999999997, 4.249999999999997, 3.9999999999999973,
                        3.769999999999997, 3.559999999999997, 3.3699999999999974,
                        3.1999999999999975, 3.0499999999999976, 2.9199999999999977,
                        2.809999999999998, 2.719999999999998, 2.649999999999998,
                        2.5999999999999983, 2.5699999999999985, 2.5599999999999987,
                        2.569999999999999, 2.5999999999999988, 2.649999999999999,
                        2.7199999999999993, 2.8099999999999996, 2.9199999999999995,
                        3.05, 3.1999999999999997, 3.3699999999999997,
                        3.56, 3.7700000000000005, 4.000000000000001,
                        4.250000000000001, 4.520000000000001, 4.810000000000002,
                        5.120000000000003, 5.450000000000003, 5.800000000000004,
                        6.170000000000004
                    ],
                    [
                        6.249999999999998, 5.8599999999999985,
                        5.489999999999998, 5.139999999999998,
                        4.809999999999997, 4.499999999999997,
                        4.209999999999997, 3.939999999999997,
                        3.689999999999997, 3.459999999999997,
                        3.2499999999999973, 3.0599999999999974,
                        2.8899999999999975, 2.7399999999999975,
                        2.6099999999999977, 2.4999999999999982,
                        2.4099999999999984, 2.339999999999998,
                        2.2899999999999983, 2.2599999999999985,
                        2.2499999999999987, 2.259999999999999,
                        2.289999999999999, 2.339999999999999,
                        2.4099999999999993, 2.499999999999999,
                        2.6099999999999994, 2.7399999999999993,
                        2.8899999999999997, 3.0599999999999996,
                        3.25, 3.4600000000000004,
                        3.6900000000000004, 3.9400000000000013,
                        4.210000000000002, 4.500000000000002,
                        4.810000000000002, 5.140000000000003,
                        5.490000000000004, 5.860000000000005
                    ],
                    [
                        5.959999999999998, 5.5699999999999985, 5.1999999999999975,
                        4.849999999999998, 4.519999999999997, 4.209999999999997,
                        3.919999999999997, 3.649999999999997, 3.399999999999997,
                        3.1699999999999964, 2.959999999999997, 2.769999999999997,
                        2.599999999999997, 2.4499999999999975, 2.3199999999999976,
                        2.2099999999999977, 2.119999999999998, 2.049999999999998,
                        1.9999999999999982, 1.9699999999999982, 1.9599999999999984,
                        1.9699999999999986, 1.9999999999999987, 2.049999999999999,
                        2.1199999999999988, 2.209999999999999, 2.3199999999999994,
                        2.4499999999999993, 2.5999999999999996, 2.7699999999999996,
                        2.96, 3.17, 3.4000000000000004,
                        3.650000000000001, 3.9200000000000013, 4.210000000000002,
                        4.520000000000002, 4.850000000000003, 5.200000000000004,
                        5.570000000000004
                    ],
                    [
                        5.689999999999999, 5.299999999999998,
                        4.929999999999998, 4.579999999999997,
                        4.249999999999997, 3.939999999999997,
                        3.649999999999997, 3.379999999999997,
                        3.129999999999997, 2.899999999999997,
                        2.689999999999997, 2.499999999999997,
                        2.3299999999999974, 2.1799999999999975,
                        2.0499999999999976, 1.9399999999999977,
                        1.8499999999999979, 1.779999999999998,
                        1.7299999999999982, 1.6999999999999982,
                        1.6899999999999984, 1.6999999999999986,
                        1.7299999999999986, 1.7799999999999987,
                        1.849999999999999, 1.939999999999999,
                        2.049999999999999, 2.1799999999999993,
                        2.329999999999999, 2.4999999999999996,
                        2.6899999999999995, 2.9000000000000004,
                        3.1300000000000003, 3.380000000000001,
                        3.6500000000000012, 3.940000000000002,
                        4.250000000000003, 4.580000000000003,
                        4.930000000000003, 5.300000000000004
                    ],
                    [
                        5.439999999999999, 5.049999999999998,
                        4.679999999999998, 4.329999999999997,
                        3.9999999999999973, 3.689999999999997,
                        3.399999999999997, 3.129999999999997,
                        2.879999999999997, 2.649999999999997,
                        2.439999999999997, 2.249999999999997,
                        2.0799999999999974, 1.9299999999999975,
                        1.7999999999999976, 1.6899999999999977,
                        1.5999999999999979, 1.529999999999998,
                        1.4799999999999982, 1.4499999999999982,
                        1.4399999999999984, 1.4499999999999986,
                        1.4799999999999986, 1.5299999999999987,
                        1.599999999999999, 1.689999999999999,
                        1.7999999999999992, 1.9299999999999993,
                        2.079999999999999, 2.2499999999999996,
                        2.4399999999999995, 2.6500000000000004,
                        2.8800000000000003, 3.130000000000001,
                        3.4000000000000012, 3.690000000000002,
                        4.000000000000003, 4.330000000000003,
                        4.680000000000003, 5.050000000000004
                    ],
                    [
                        5.209999999999998, 4.8199999999999985,
                        4.4499999999999975, 4.099999999999998,
                        3.769999999999997, 3.459999999999997,
                        3.1699999999999964, 2.899999999999997,
                        2.649999999999997, 2.4199999999999964,
                        2.2099999999999964, 2.019999999999997,
                        1.849999999999997, 1.699999999999997,
                        1.5699999999999974, 1.4599999999999975,
                        1.3699999999999977, 1.2999999999999978,
                        1.249999999999998, 1.219999999999998,
                        1.2099999999999982, 1.2199999999999984,
                        1.2499999999999984, 1.2999999999999985,
                        1.3699999999999988, 1.4599999999999989,
                        1.569999999999999, 1.699999999999999,
                        1.8499999999999992, 2.019999999999999,
                        2.2099999999999995, 2.42,
                        2.6500000000000004, 2.9000000000000004,
                        3.170000000000001, 3.4600000000000017,
                        3.7700000000000022, 4.100000000000003,
                        4.450000000000003, 4.820000000000004
                    ],
                    [
                        4.999999999999998, 4.6099999999999985,
                        4.2399999999999975, 3.889999999999998,
                        3.559999999999997, 3.2499999999999973,
                        2.959999999999997, 2.689999999999997,
                        2.439999999999997, 2.2099999999999964,
                        1.999999999999997, 1.809999999999997,
                        1.6399999999999972, 1.4899999999999975,
                        1.3599999999999977, 1.2499999999999978,
                        1.159999999999998, 1.089999999999998,
                        1.0399999999999983, 1.0099999999999982,
                        0.9999999999999984, 1.0099999999999987,
                        1.0399999999999987, 1.0899999999999987,
                        1.159999999999999, 1.2499999999999991,
                        1.3599999999999992, 1.4899999999999993,
                        1.6399999999999995, 1.8099999999999996,
                        1.9999999999999998, 2.21,
                        2.4400000000000004, 2.690000000000001,
                        2.9600000000000013, 3.2500000000000018,
                        3.5600000000000023, 3.8900000000000032,
                        4.240000000000004, 4.610000000000004
                    ],
                    [
                        4.809999999999999, 4.419999999999998,
                        4.049999999999998, 3.699999999999998,
                        3.3699999999999974, 3.0599999999999974,
                        2.769999999999997, 2.499999999999997,
                        2.249999999999997, 2.019999999999997,
                        1.809999999999997, 1.6199999999999972,
                        1.4499999999999975, 1.2999999999999976,
                        1.1699999999999977, 1.0599999999999978,
                        0.9699999999999981, 0.8999999999999982,
                        0.8499999999999983, 0.8199999999999985,
                        0.8099999999999986, 0.8199999999999987,
                        0.8499999999999989, 0.899999999999999,
                        0.9699999999999992, 1.0599999999999992,
                        1.1699999999999995, 1.2999999999999994,
                        1.4499999999999997, 1.6199999999999997,
                        1.81, 2.0200000000000005,
                        2.2500000000000004, 2.500000000000001,
                        2.7700000000000014, 3.0600000000000023,
                        3.3700000000000028, 3.7000000000000033,
                        4.050000000000003, 4.420000000000004
                    ],
                    [
                        4.639999999999999, 4.249999999999998,
                        3.879999999999998, 3.529999999999998,
                        3.1999999999999975, 2.8899999999999975,
                        2.599999999999997, 2.3299999999999974,
                        2.0799999999999974, 1.849999999999997,
                        1.6399999999999972, 1.4499999999999975,
                        1.2799999999999976, 1.1299999999999977,
                        0.999999999999998, 0.8899999999999981,
                        0.7999999999999983, 0.7299999999999984,
                        0.6799999999999985, 0.6499999999999987,
                        0.6399999999999988, 0.6499999999999989,
                        0.679999999999999, 0.7299999999999992,
                        0.7999999999999994, 0.8899999999999995,
                        0.9999999999999996, 1.1299999999999997,
                        1.2799999999999998, 1.4499999999999997,
                        1.6400000000000001, 1.8500000000000005,
                        2.080000000000001, 2.330000000000001,
                        2.6000000000000014, 2.8900000000000023,
                        3.200000000000003, 3.5300000000000034,
                        3.880000000000004, 4.250000000000004
                    ],
                    [
                        4.489999999999999, 4.099999999999999, 3.729999999999998,
                        3.379999999999998, 3.0499999999999976, 2.7399999999999975,
                        2.4499999999999975, 2.1799999999999975, 1.9299999999999975,
                        1.699999999999997, 1.4899999999999975, 1.2999999999999976,
                        1.1299999999999977, 0.979999999999998, 0.8499999999999981,
                        0.7399999999999983, 0.6499999999999985, 0.5799999999999986,
                        0.5299999999999987, 0.4999999999999989, 0.489999999999999,
                        0.4999999999999991, 0.5299999999999992, 0.5799999999999994,
                        0.6499999999999996, 0.7399999999999997, 0.8499999999999998,
                        0.9799999999999999, 1.13, 1.3,
                        1.4900000000000002, 1.7000000000000006, 1.930000000000001,
                        2.1800000000000015, 2.450000000000002, 2.7400000000000024,
                        3.050000000000003, 3.3800000000000034, 3.730000000000004,
                        4.100000000000005
                    ],
                    [
                        4.359999999999999, 3.969999999999999,
                        3.5999999999999983, 3.2499999999999982,
                        2.9199999999999977, 2.6099999999999977,
                        2.3199999999999976, 2.0499999999999976,
                        1.7999999999999976, 1.5699999999999974,
                        1.3599999999999977, 1.1699999999999977,
                        0.999999999999998, 0.8499999999999981,
                        0.7199999999999983, 0.6099999999999985,
                        0.5199999999999987, 0.4499999999999988,
                        0.3999999999999989, 0.36999999999999905,
                        0.35999999999999915, 0.3699999999999993,
                        0.3999999999999994, 0.44999999999999957,
                        0.5199999999999997, 0.6099999999999999,
                        0.72, 0.8500000000000001,
                        1.0000000000000002, 1.1700000000000002,
                        1.3600000000000005, 1.570000000000001,
                        1.8000000000000012, 2.0500000000000016,
                        2.320000000000002, 2.6100000000000025,
                        2.920000000000003, 3.2500000000000036,
                        3.600000000000004, 3.9700000000000046
                    ],
                    [
                        4.249999999999999, 3.8599999999999994,
                        3.4899999999999984, 3.139999999999999,
                        2.809999999999998, 2.4999999999999982,
                        2.2099999999999977, 1.9399999999999977,
                        1.6899999999999977, 1.4599999999999975,
                        1.2499999999999978, 1.0599999999999978,
                        0.8899999999999981, 0.7399999999999983,
                        0.6099999999999985, 0.49999999999999867,
                        0.4099999999999988, 0.33999999999999897,
                        0.2899999999999991, 0.25999999999999923,
                        0.24999999999999933, 0.25999999999999945,
                        0.2899999999999996, 0.33999999999999975,
                        0.4099999999999999, 0.5,
                        0.6100000000000001, 0.7400000000000002,
                        0.8900000000000003, 1.0600000000000005,
                        1.2500000000000007, 1.460000000000001,
                        1.6900000000000013, 1.9400000000000017,
                        2.210000000000002, 2.5000000000000027,
                        2.810000000000003, 3.140000000000004,
                        3.4900000000000047, 3.8600000000000048
                    ],
                    [
                        4.159999999999999, 3.7699999999999996,
                        3.3999999999999986, 3.049999999999999,
                        2.719999999999998, 2.4099999999999984,
                        2.119999999999998, 1.8499999999999979,
                        1.5999999999999979, 1.3699999999999977,
                        1.159999999999998, 0.9699999999999981,
                        0.7999999999999983, 0.6499999999999985,
                        0.5199999999999987, 0.4099999999999988,
                        0.31999999999999895, 0.2499999999999991,
                        0.19999999999999923, 0.16999999999999935,
                        0.15999999999999948, 0.1699999999999996,
                        0.19999999999999973, 0.2499999999999999,
                        0.32000000000000006, 0.41000000000000014,
                        0.5200000000000002, 0.6500000000000004,
                        0.8000000000000005, 0.9700000000000005,
                        1.1600000000000008, 1.3700000000000012,
                        1.6000000000000014, 1.8500000000000019,
                        2.1200000000000023, 2.410000000000003,
                        2.7200000000000033, 3.0500000000000043,
                        3.400000000000005, 3.770000000000005
                    ],
                    [
                        4.09, 3.6999999999999993,
                        3.3299999999999987, 2.9799999999999986,
                        2.649999999999998, 2.339999999999998,
                        2.049999999999998, 1.779999999999998,
                        1.529999999999998, 1.2999999999999978,
                        1.089999999999998, 0.8999999999999982,
                        0.7299999999999984, 0.5799999999999986,
                        0.4499999999999988, 0.33999999999999897,
                        0.2499999999999991, 0.17999999999999924,
                        0.12999999999999937, 0.09999999999999949,
                        0.08999999999999962, 0.09999999999999976,
                        0.1299999999999999, 0.18000000000000002,
                        0.25000000000000017, 0.3400000000000003,
                        0.4500000000000004, 0.5800000000000005,
                        0.7300000000000006, 0.9000000000000007,
                        1.090000000000001, 1.3000000000000014,
                        1.5300000000000016, 1.780000000000002,
                        2.0500000000000025, 2.340000000000003,
                        2.6500000000000035, 2.980000000000004,
                        3.3300000000000045, 3.700000000000005
                    ],
                    [
                        4.04, 3.6499999999999995,
                        3.279999999999999, 2.929999999999999,
                        2.5999999999999983, 2.2899999999999983,
                        1.9999999999999982, 1.7299999999999982,
                        1.4799999999999982, 1.249999999999998,
                        1.0399999999999983, 0.8499999999999983,
                        0.6799999999999985, 0.5299999999999987,
                        0.3999999999999989, 0.2899999999999991,
                        0.19999999999999923, 0.12999999999999937,
                        0.0799999999999995, 0.04999999999999963,
                        0.03999999999999975, 0.04999999999999988,
                        0.08000000000000002, 0.13000000000000014,
                        0.20000000000000032, 0.2900000000000004,
                        0.4000000000000005, 0.5300000000000006,
                        0.6800000000000007, 0.8500000000000008,
                        1.0400000000000011, 1.2500000000000016,
                        1.4800000000000018, 1.7300000000000022,
                        2.0000000000000027, 2.290000000000003,
                        2.6000000000000036, 2.930000000000004,
                        3.2800000000000047, 3.6500000000000052
                    ],
                    [
                        4.01, 3.6199999999999997,
                        3.249999999999999, 2.899999999999999,
                        2.5699999999999985, 2.2599999999999985,
                        1.9699999999999982, 1.6999999999999982,
                        1.4499999999999982, 1.219999999999998,
                        1.0099999999999982, 0.8199999999999985,
                        0.6499999999999987, 0.4999999999999989,
                        0.36999999999999905, 0.25999999999999923,
                        0.16999999999999935, 0.09999999999999949,
                        0.04999999999999963, 0.019999999999999747,
                        0.009999999999999874, 0.020000000000000004,
                        0.05000000000000013, 0.10000000000000027,
                        0.17000000000000043, 0.26000000000000056,
                        0.37000000000000066, 0.5000000000000008,
                        0.6500000000000009, 0.820000000000001,
                        1.0100000000000011, 1.2200000000000015,
                        1.4500000000000017, 1.7000000000000022,
                        1.9700000000000026, 2.2600000000000033,
                        2.570000000000004, 2.9000000000000044,
                        3.250000000000005, 3.6200000000000054
                    ],
                    [
                        4, 3.61,
                        3.2399999999999993, 2.8899999999999992,
                        2.5599999999999987, 2.2499999999999987,
                        1.9599999999999984, 1.6899999999999984,
                        1.4399999999999984, 1.2099999999999982,
                        0.9999999999999984, 0.8099999999999986,
                        0.6399999999999988, 0.489999999999999,
                        0.35999999999999915, 0.24999999999999933,
                        0.15999999999999948, 0.08999999999999962,
                        0.03999999999999975, 0.009999999999999874,
                        8.150535524646782e-31, 0.010000000000000129,
                        0.04000000000000026, 0.0900000000000004,
                        0.16000000000000056, 0.25000000000000067,
                        0.36000000000000076, 0.4900000000000009,
                        0.640000000000001, 0.810000000000001,
                        1.0000000000000013, 1.2100000000000017,
                        1.440000000000002, 1.6900000000000024,
                        1.9600000000000029, 2.2500000000000036,
                        2.560000000000004, 2.8900000000000046,
                        3.240000000000005, 3.6100000000000056
                    ],
                    [
                        4.01, 3.62,
                        3.2499999999999996, 2.8999999999999995,
                        2.569999999999999, 2.259999999999999,
                        1.9699999999999986, 1.6999999999999986,
                        1.4499999999999986, 1.2199999999999984,
                        1.0099999999999987, 0.8199999999999987,
                        0.6499999999999989, 0.4999999999999991,
                        0.3699999999999993, 0.25999999999999945,
                        0.1699999999999996, 0.09999999999999976,
                        0.04999999999999988, 0.020000000000000004,
                        0.010000000000000129, 0.020000000000000257,
                        0.050000000000000384, 0.10000000000000053,
                        0.17000000000000068, 0.2600000000000008,
                        0.3700000000000009, 0.500000000000001,
                        0.6500000000000011, 0.8200000000000012,
                        1.0100000000000016, 1.220000000000002,
                        1.4500000000000022, 1.7000000000000026,
                        1.970000000000003, 2.260000000000004,
                        2.5700000000000043, 2.900000000000005,
                        3.2500000000000053, 3.620000000000006
                    ],
                    [
                        4.04, 3.6500000000000004,
                        3.2799999999999994, 2.9299999999999997,
                        2.5999999999999988, 2.289999999999999,
                        1.9999999999999987, 1.7299999999999986,
                        1.4799999999999986, 1.2499999999999984,
                        1.0399999999999987, 0.8499999999999989,
                        0.679999999999999, 0.5299999999999992,
                        0.3999999999999994, 0.2899999999999996,
                        0.19999999999999973, 0.1299999999999999,
                        0.08000000000000002, 0.05000000000000013,
                        0.04000000000000026, 0.050000000000000384,
                        0.08000000000000052, 0.13000000000000067,
                        0.20000000000000082, 0.2900000000000009,
                        0.400000000000001, 0.5300000000000011,
                        0.6800000000000013, 0.8500000000000013,
                        1.0400000000000016, 1.250000000000002,
                        1.4800000000000022, 1.7300000000000026,
                        2.000000000000003, 2.2900000000000036,
                        2.600000000000004, 2.930000000000005,
                        3.2800000000000056, 3.6500000000000057
                    ],
                    [
                        4.090000000000001, 3.7,
                        3.3299999999999996, 2.9799999999999995,
                        2.649999999999999, 2.339999999999999,
                        2.049999999999999, 1.7799999999999987,
                        1.5299999999999987, 1.2999999999999985,
                        1.0899999999999987, 0.899999999999999,
                        0.7299999999999992, 0.5799999999999994,
                        0.44999999999999957, 0.33999999999999975,
                        0.2499999999999999, 0.18000000000000002,
                        0.13000000000000014, 0.10000000000000027,
                        0.0900000000000004, 0.10000000000000053,
                        0.13000000000000067, 0.1800000000000008,
                        0.25000000000000094, 0.3400000000000011,
                        0.4500000000000012, 0.5800000000000013,
                        0.7300000000000014, 0.9000000000000015,
                        1.0900000000000016, 1.300000000000002,
                        1.5300000000000022, 1.7800000000000027,
                        2.0500000000000034, 2.340000000000004,
                        2.6500000000000044, 2.980000000000005,
                        3.3300000000000054, 3.700000000000006
                    ],
                    [
                        4.16, 3.7700000000000005,
                        3.4, 3.05,
                        2.7199999999999993, 2.4099999999999993,
                        2.1199999999999988, 1.849999999999999,
                        1.599999999999999, 1.3699999999999988,
                        1.159999999999999, 0.9699999999999992,
                        0.7999999999999994, 0.6499999999999996,
                        0.5199999999999997, 0.4099999999999999,
                        0.32000000000000006, 0.25000000000000017,
                        0.20000000000000032, 0.17000000000000043,
                        0.16000000000000056, 0.17000000000000068,
                        0.20000000000000082, 0.25000000000000094,
                        0.3200000000000011, 0.41000000000000125,
                        0.5200000000000014, 0.6500000000000015,
                        0.8000000000000016, 0.9700000000000016,
                        1.160000000000002, 1.3700000000000023,
                        1.6000000000000025, 1.850000000000003,
                        2.120000000000003, 2.410000000000004,
                        2.7200000000000046, 3.050000000000005,
                        3.4000000000000057, 3.7700000000000062
                    ],
                    [
                        4.250000000000001, 3.8600000000000003,
                        3.49, 3.1399999999999997,
                        2.8099999999999996, 2.499999999999999,
                        2.209999999999999, 1.939999999999999,
                        1.689999999999999, 1.4599999999999989,
                        1.2499999999999991, 1.0599999999999992,
                        0.8899999999999995, 0.7399999999999997,
                        0.6099999999999999, 0.5,
                        0.41000000000000014, 0.3400000000000003,
                        0.2900000000000004, 0.26000000000000056,
                        0.25000000000000067, 0.2600000000000008,
                        0.2900000000000009, 0.3400000000000011,
                        0.41000000000000125, 0.5000000000000013,
                        0.6100000000000014, 0.7400000000000015,
                        0.8900000000000017, 1.0600000000000018,
                        1.250000000000002, 1.4600000000000024,
                        1.6900000000000026, 1.940000000000003,
                        2.2100000000000035, 2.5000000000000044,
                        2.810000000000005, 3.140000000000005,
                        3.4900000000000055, 3.8600000000000065
                    ],
                    [
                        4.360000000000001, 3.9700000000000006,
                        3.6, 3.25,
                        2.9199999999999995, 2.6099999999999994,
                        2.3199999999999994, 2.049999999999999,
                        1.7999999999999992, 1.569999999999999,
                        1.3599999999999992, 1.1699999999999995,
                        0.9999999999999996, 0.8499999999999998,
                        0.72, 0.6100000000000001,
                        0.5200000000000002, 0.4500000000000004,
                        0.4000000000000005, 0.37000000000000066,
                        0.36000000000000076, 0.3700000000000009,
                        0.400000000000001, 0.4500000000000012,
                        0.5200000000000014, 0.6100000000000014,
                        0.7200000000000015, 0.8500000000000016,
                        1.0000000000000018, 1.1700000000000017,
                        1.360000000000002, 1.5700000000000025,
                        1.8000000000000027, 2.0500000000000034,
                        2.320000000000004, 2.6100000000000043,
                        2.920000000000005, 3.2500000000000053,
                        3.600000000000006, 3.9700000000000064
                    ],
                    [
                        4.490000000000001, 4.1000000000000005,
                        3.7300000000000004, 3.38,
                        3.05, 2.7399999999999993,
                        2.4499999999999993, 2.1799999999999993,
                        1.9299999999999993, 1.699999999999999,
                        1.4899999999999993, 1.2999999999999994,
                        1.1299999999999997, 0.9799999999999999,
                        0.8500000000000001, 0.7400000000000002,
                        0.6500000000000004, 0.5800000000000005,
                        0.5300000000000006, 0.5000000000000008,
                        0.4900000000000009, 0.500000000000001,
                        0.5300000000000011, 0.5800000000000013,
                        0.6500000000000015, 0.7400000000000015,
                        0.8500000000000016, 0.9800000000000018,
                        1.130000000000002, 1.300000000000002,
                        1.4900000000000022, 1.7000000000000026,
                        1.9300000000000028, 2.1800000000000033,
                        2.4500000000000037, 2.7400000000000047,
                        3.050000000000005, 3.3800000000000052,
                        3.7300000000000058, 4.100000000000007
                    ],
                    [
                        4.640000000000001, 4.250000000000001,
                        3.8800000000000003, 3.5300000000000002,
                        3.1999999999999997, 2.8899999999999997,
                        2.5999999999999996, 2.329999999999999,
                        2.079999999999999, 1.8499999999999992,
                        1.6399999999999995, 1.4499999999999997,
                        1.2799999999999998, 1.13,
                        1.0000000000000002, 0.8900000000000003,
                        0.8000000000000005, 0.7300000000000006,
                        0.6800000000000007, 0.6500000000000009,
                        0.640000000000001, 0.6500000000000011,
                        0.6800000000000013, 0.7300000000000014,
                        0.8000000000000016, 0.8900000000000017,
                        1.0000000000000018, 1.130000000000002,
                        1.280000000000002, 1.450000000000002,
                        1.6400000000000023, 1.8500000000000028,
                        2.0800000000000027, 2.3300000000000036,
                        2.600000000000004, 2.8900000000000046,
                        3.200000000000005, 3.5300000000000056,
                        3.880000000000006, 4.250000000000007
                    ],
                    [
                        4.810000000000001, 4.420000000000001, 4.050000000000001,
                        3.7, 3.3699999999999997, 3.0599999999999996,
                        2.7699999999999996, 2.4999999999999996, 2.2499999999999996,
                        2.019999999999999, 1.8099999999999996, 1.6199999999999997,
                        1.4499999999999997, 1.3, 1.1700000000000002,
                        1.0600000000000005, 0.9700000000000005, 0.9000000000000007,
                        0.8500000000000008, 0.820000000000001, 0.810000000000001,
                        0.8200000000000012, 0.8500000000000013, 0.9000000000000015,
                        0.9700000000000016, 1.0600000000000018, 1.1700000000000017,
                        1.300000000000002, 1.450000000000002, 1.620000000000002,
                        1.8100000000000023, 2.0200000000000027, 2.250000000000003,
                        2.5000000000000036, 2.770000000000004, 3.0600000000000045,
                        3.370000000000005, 3.7000000000000055, 4.050000000000006,
                        4.420000000000007
                    ],
                    [
                        5.000000000000002, 4.610000000000001, 4.24,
                        3.8900000000000006, 3.56, 3.25,
                        2.96, 2.6899999999999995, 2.4399999999999995,
                        2.2099999999999995, 1.9999999999999998, 1.81,
                        1.6400000000000001, 1.4900000000000002, 1.3600000000000005,
                        1.2500000000000007, 1.1600000000000008, 1.090000000000001,
                        1.0400000000000011, 1.0100000000000011, 1.0000000000000013,
                        1.0100000000000016, 1.0400000000000016, 1.0900000000000016,
                        1.160000000000002, 1.250000000000002, 1.360000000000002,
                        1.4900000000000022, 1.6400000000000023, 1.8100000000000023,
                        2.0000000000000027, 2.210000000000003, 2.440000000000003,
                        2.690000000000004, 2.9600000000000044, 3.250000000000005,
                        3.5600000000000054, 3.890000000000006, 4.240000000000006,
                        4.6100000000000065
                    ],
                    [
                        5.210000000000002, 4.820000000000002, 4.450000000000001,
                        4.100000000000001, 3.7700000000000005, 3.4600000000000004,
                        3.17, 2.9000000000000004, 2.6500000000000004,
                        2.42, 2.21, 2.0200000000000005,
                        1.8500000000000005, 1.7000000000000006, 1.570000000000001,
                        1.460000000000001, 1.3700000000000012, 1.3000000000000014,
                        1.2500000000000016, 1.2200000000000015, 1.2100000000000017,
                        1.220000000000002, 1.250000000000002, 1.300000000000002,
                        1.3700000000000023, 1.4600000000000024, 1.5700000000000025,
                        1.7000000000000026, 1.8500000000000028, 2.0200000000000027,
                        2.210000000000003, 2.4200000000000035, 2.650000000000004,
                        2.900000000000004, 3.1700000000000044, 3.4600000000000053,
                        3.770000000000006, 4.100000000000007, 4.450000000000006,
                        4.820000000000007
                    ],
                    [
                        5.440000000000002, 5.050000000000002,
                        4.6800000000000015, 4.330000000000001,
                        4.000000000000001, 3.6900000000000004,
                        3.4000000000000004, 3.1300000000000003,
